%YAML:1.0
---
K: !!opencv-matrix
   rows: 3
   cols: 3
   dt: d
   data: [ 3.4906142317897297e+02, 0., 3.1696518928789345e+02, 0.,
       3.4770531399410731e+02, 2.3992807404212763e+02, 0., 0., 1. ]
D: !!opencv-matrix
   rows: 1
   cols: 5
   dt: d
   data: [ -3.2243991966900282e-01, 1.3114066346545211e-01,
       1.1370107823907888e-03, 1.4216060494915604e-04,
       -2.9625747337990935e-02 ]
